Offsets: 12 14 99 231 7
gsdgh
56 34 67 37
hfndjgd
jdtjku 23 52 36 26
dshsghsgh 3 25 43 26 2
12 14 99 23 1 71 2 14 99 231 71 2 14 99 2 31 71 2 14 99 231 71 2 14 99 231 7 12 14 99 231 71 2 14 99 231 7 23 52 36 26
12 14 99 23 1 71 2 14 99 231 71 2 14 99 2 31 71 2 14 99 231 71 2 14 99 231 7 12 14 99 231 71 2 14 99 231 7 23 52 36 26
12 14 99 23 1 71 2 14 99 231 71 2 14 99 2 31 71 2 14 99 231 71 2 14 99 231 7 12 14 99 231 71 2 14 99 231 7 23 52 36 26
12 14 99 23 1 71 
4 99 231 71 2 14 99 231 7 12 14 99 231 71 2 14 99 231 7 23 52 36 26
12 14 99 23 1 71 2 14 99 231 71 2 14 99 2 31 71 2 14 99 231 71 2 14 99 231 7 12 14 99 231 71 2 14 99 231 7 23 52 36 26
12 14 99 23 1 71 2 14 99 231 71 2 14 99 2 31 71 2 14 99 231 71 2 14 99 231 7 12 14 99 231 71 2 14 99 231 7 23 52 36 26

2 14 99 231 71 2 14 99 2 31 71 2 14 99 231 71 2 14 99 231 7 12 14 99 231 71 2 14 99 231 7 23 52 36 26
12 14 99 23 1 71 2 14 99 231 71 2 14 99 2 31 71 2 14 99 231 71 2 14 99 231 7 12 14 99 231 71 2 14 99 231 7 23 52 36 26
12 14 99 23 1 71 2 14 99 231 71 2 14 99 2 31 71 2 14 99 231 71 2 14 99 231 7 12 14 99 231 71 2 14 99 231 7 23 52 36 26
12 14 99 23 1 71 2 14 99 231 71 2 14 99 2 31 71 2 14 99 231 71 2 14 99 231 7 12 14 99 231 71 2 14 99 231 7 23 52 36 26
12 14 99 23 1 71 2 14 99 231 71 2 14 99 2 31 71 2 14 99 231 71 2 14 99 231 7 12 14 99 231 71 2 14 99 231 7 23 52 36 26
12 14 99 23 1 71 2 14 99 231 71 2 14 99 2 31 71 2 14 99 231 71 2 14 99 231 7 12 14 99 231 71 2 14 99 231 7 23 52 36 26
12 14 99 23 1 71 2 14 99 231 71 2 14 99 2 31 71 2 14 99 231 71 2 14 99 231 7 12 14 99 231 71 2 14 99 231 7 23 52 36 26
12 14 99 23 1 71 2 14 99 231 71 2 14 99 2 31 71 2 14 99 231 71 2 14 99 231 7 12 14 99 231 71 2 14 99 231 7 23 52 36 26
12 14 99 23 1 71 2 14 99 231 71 2 14 99 2 31 71 2 14 99 231 71 2 14 99 231 7 12 14 99 231 71 2 14 99 231 7 23 52 36 26
12 14 99 23 1 71 2 14 99 231 71 2 14 99 2 31 71 2 14 99 231 71 2 14 99 231 7 12 14 99 231 71 2 14 99 231 7 23 52 36 26
12 14 99 23 1 71 2 14 99 231 71 2 14 99 2 31 71 2 14 99 231 71 2 14 99 231 7 12 14 99 231 71 2 14 99 231 7 23 52 36 26
12 14 99 23 1 71 2 14 99 231 71 2 14 99 2 31 71 2 1
2 14 99 231 71 2 14 99 2 31 71 2 14 99 231 71 2 14 99 231 7 12 14 99 231 71 2 14 99 231 7 23 52 36 26
12 14 99 23 1 71 2 14 99 231 71 2 14 99 2 31 71 2 14 99 231 71 2 14 99 231 7 12 14 99 231 71 2 14 99 231 7 23 52 36 26
12 14 99 23 1 71 2 14 99 231 71 2 14 99 2 31 71 2 14 99 231 71 2 14 99 231 7 12 14 99 231 71 2 14 99 231 7 23 52 36 26
12 14 99 23 1 71 2 14 99 231 71 2 14 99 2 31 71 2 14 99 231 71 2 14 99 231 7 12 14 99 231 71 2 14 99 231 7 23 52 36 26
12 14 99 23 1 71 2 14 99 231 71 2 14 99 2 31 71 2 14 99 231 71 2 14 99 231 7 12 14 99 231 71 2 14 99 231 7 23 52 36 26
12 14 99 23 1 71 2 14 99 231 71 2 14 99 2 31 71 2 14 99 231 71 2 14 99 231 7 12 14 99 231 71 2 14 99 231 7 23 52 36 26
12 14 99 23 1 71 2 14 99 231 71 2 14 99 2 31 71 2 14 99 231 71 2 14 99 231 7 12 14 99 231 71 2 14 99 231 7 23 52 36 26
12 14 99 23 1 71 2 14 99 231 71 2 14 99 2 31 71 2 14 99 231 71 2 14 99 231 7 12 14 99 231 71 2 14 99 231 7 23 52 36 26
12 14 99 23 1 71 2 14 99 231 71 2 14 99 2 31 71 2 14 99 231 71 2 14 99 231 7 12 14 99 231 71 2 14 99 231 7 23 52 36 26
12 14 99 23 1 71 2 14 99 231 71 2 14 99 2 31 71 2 14 99 231 71 2 14 99 231 7 12 14 99 231 71 2 14 99 231 7 23 52 36 26
12 14 99 23 1 71 2 14 99 231 71 2 14 99 2 31 71 2 14 99 231 71 2 14 99 231 7 12 14 99 231 71 2 14 99 231 7 23 52 36 26
12 14 99 23 1 71 2 14 99 231 71 2 14 99 2 31 71 2 112 14 99 23 1 71 2 14 99 231 71 2 14 99 2 31 71 2 14 99 231 71 2 14 99 231 7 12 14 99 231 71 2 14 99 231 7 23 52 36 26
12 14 99 23 1 71 2 14 99 231 71 2 14 99 2 31 71 2 14 99 231 71 2 14 99 231 7 12 14 99 231 71 2 14 99 231 7 23 52 36 26
12 14 99 23 1 71 2 14 99 231 71 2 14 99 2 31 71 2 14 99 231 71 2 14 99 231 7 12 14 99 231 71 2 14 99 231 7 23 52 36 26
12 14 99 23 1 71 2 14 99 231 71 2 14 99 2 31 71 2 14 99 231 71 2 14 99 231 7 12 14 99 231 71 2 14 99 231 7 23 52 36 26
12 14 99 23 1 71 2 14 99 231 71 2 14 99 2 31 71 2 14 99 231 71 2 14 99 231 7 12 14 99 231 71 2 14 99 231 7 23 52 36 26
12 14 99 23 1 71 2 14 99 231 71 2 14 99 2 31 71 2 14 99 231 71 2 14 99 231 7 12 14 99 231 71 2 14 99 231 7 23 52 36 26
12 14 99 23 1 71 2 14 99 231 71 2 14 99 2 31 71 2 14 99 231 71 2 14 99 231 7 12 14 99 231 71 2 14 99 231 7 23 52 36 26
31 71 2 14 99 2 31 71 2 14 99 231 71 2 14 99 231 7 12 14 99 231 71 2 14 99 231 7 23 52 36 26
12 14 99 23 1 71 2 14 99 231 71 2 14 99 2 31 71 2 14 99 231 71 2 14 99 231 7 12 14 99 231 71 2 14 99 231 7 23 52 36 26
12 14 99 23 1 71 2 14 99 231 71 2 14 99 2 31 71 2 14 99 231 71 2 14 99 231 7 12 14 99 231 71 2 14 99 231 7 23 52 36 26
12 14 99 23 1 71 2 14 99 231 71 2 14 99 2 31 71 2 14 99 231 71 2 14 99 231 7 12 14 99 231 71 2 14 99 231 7 23 52 36 26
12 14 99 23 1 71 2 14 99 231 71 2 14 99 2 31 71 2 14 99 23
31 71 2 14 99 2 31 71 2 14 99 231 71 2 14 99 231 7 12 14 99 231 71 2 14 99 231 7 23 52 36 26
12 14 99 23 1 71 2 14 99 231 71 2 14 99 2 31 71 2 14 99 231 71 2 14 99 231 7 12 14 99 231 71 2 14 99 231 7 23 52 36 26
12 14 99 23 1 71 2 14 99 231 71 2 14 99 2 31 71 2 14 99 231 71 2 14 99 231 7 12 14 99 231 71 2 14 99 231 7 23 52 36 26
12 14 99 23 1 71 2 14 99 231 71 2 14 99 2 31 71 2 14 99 231 71 2 14 99 231 7 12 14 99 231 71 2 14 99 231 7 23 52 36 26
12 14 99 23 1 71 2 14 99 231 71 2 14 99 2 31 71 2 14 99 2331 71 2 14 99 2 31 71 2 14 99 231 71 2 14 99 231 7 12 14 99 231 71 2 14 99 231 7 23 52 36 26
12 14 99 23 1 71 2 14 99 231 71 2 14 99 2 31 71 2 14 99 231 71 2 14 99 231 7 12 14 99 231 71 2 14 99 231 7 23 52 36 26
12 14 99 23 1 71 2 14 99 231 71 2 14 99 2 31 71 2 14 99 231 71 2 14 99 231 7 12 14 99 231 71 2 14 99 231 7 23 52 36 26
12 14 99 23 1 71 2 14 99 231 71 2 14 99 2 31 71 2 14 99 231 71 2 14 99 231 7 12 14 99 231 71 2 14 99 231 7 23 52 36 26
12 14 99 23 1 71 2 14 99 231 71 2 14 99 2 31 71 2 14 99 23
31 71 2 14 99 2 31 71 2 14 99 231 71 2 14 99 231 7 12 14 99 231 71 2 14 99 231 7 23 52 36 26
12 14 99 23 1 71 2 14 99 231 71 2 14 99 2 31 71 2 14 99 231 71 2 14 99 231 7 12 14 99 231 71 2 14 99 231 7 23 52 36 26
12 14 99 23 1 71 2 14 99 231 71 2 14 99 2 31 71 2 14 99 231 71 2 14 99 231 7 12 14 99 231 71 2 14 99 231 7 23 52 36 26
12 14 99 23 1 71 2 14 99 231 71 2 14 99 2 31 71 2 14 99 231 71 2 14 99 231 7 12 14 99 231 71 2 14 99 231 7 23 52 36 26
12 14 99 23 1 71 2 14 99 231 71 2 14 99 2 31 71 2 14 99 23Offsets: 12 14 99 231 7
gsdgh
56 34 67 37
hfndjgd
jdtjku 23 52 36 26
dshsghsgh 3 25 43 26 2
12 14 99 23 1 71 2 14 99 231 71 2 14 99 2 31 71 2 14 99 231 71 2 14 99 231 7 12 14 99 231 71 2 14 99 231 7 23 52 36 26
12 14 99 23 1 71 2 14 99 231 71 2 14 99 2 31 71 2 14 99 231 71 2 14 99 231 7 12 14 99 231 71 2 14 99 231 7 23 52 36 26
12 14 99 23 1 71 2 14 99 231 71 2 14 99 2 31 71 2 14 99 231 71 2 14 99 231 7 12 14 99 231 71 2 14 99 231 7 23 52 36 26
12 14 99 23 1 71 
4 99 231 71 2 14 99 231 7 12 14 99 231 71 2 14 99 231 7 23 52 36 26
12 14 99 23 1 71 2 14 99 231 71 2 14 99 2 31 71 2 14 99 231 71 2 14 99 231 7 12 14 99 231 71 2 14 99 231 7 23 52 36 26
12 14 99 23 1 71 2 14 99 231 71 2 14 99 2 31 71 2 14 99 231 71 2 14 99 231 7 12 14 99 231 71 2 14 99 231 7 23 52 36 26

2 14 99 231 71 2 14 99 2 31 71 2 14 99 231 71 2 14 99 231 7 12 14 99 231 71 2 14 99 231 7 23 52 36 26
12 14 99 23 1 71 2 14 99 231 71 2 14 99 2 31 71 2 14 99 231 71 2 14 99 231 7 12 14 99 231 71 2 14 99 231 7 23 52 36 26
12 14 99 23 1 71 2 14 99 231 71 2 14 99 2 31 71 2 14 99 231 71 2 14 99 231 7 12 14 99 231 71 2 14 99 231 7 23 52 36 26
12 14 99 23 1 71 2 14 99 231 71 2 14 99 2 31 71 2 14 99 231 71 2 14 99 231 7 12 14 99 231 71 2 14 99 231 7 23 52 36 26
12 14 99 23 1 71 2 14 99 231 71 2 14 99 2 31 71 2 14 99 231 71 2 14 99 231 7 12 14 99 231 71 2 14 99 231 7 23 52 36 26
12 14 99 23 1 71 2 14 99 231 71 2 14 99 2 31 71 2 14 99 231 71 2 14 99 231 7 12 14 99 231 71 2 14 99 231 7 23 52 36 26
12 14 99 23 1 71 2 14 99 231 71 2 14 99 2 31 71 2 14 99 231 71 2 14 99 231 7 12 14 99 231 71 2 14 99 231 7 23 52 36 26
12 14 99 23 1 71 2 14 99 231 71 2 14 99 2 31 71 2 14 99 231 71 2 14 99 231 7 12 14 99 231 71 2 14 99 231 7 23 52 36 26
12 14 99 23 1 71 2 14 99 231 71 2 14 99 2 31 71 2 14 99 231 71 2 14 99 231 7 12 14 99 231 71 2 14 99 231 7 23 52 36 26
12 14 99 23 1 71 2 14 99 231 71 2 14 99 2 31 71 2 14 99 231 71 2 14 99 231 7 12 14 99 231 71 2 14 99 231 7 23 52 36 26
12 14 99 23 1 71 2 14 99 231 71 2 14 99 2 31 71 2 14 99 231 71 2 14 99 231 7 12 14 99 231 71 2 14 99 231 7 23 52 36 26
12 14 99 23 1 71 2 14 99 231 71 2 14 99 2 31 71 2 1
2 14 99 231 71 2 14 99 2 31 71 2 14 99 231 71 2 14 99 231 7 12 14 99 231 71 2 14 99 231 7 23 52 36 26
12 14 99 23 1 71 2 14 99 231 71 2 14 99 2 31 71 2 14 99 231 71 2 14 99 231 7 12 14 99 231 71 2 14 99 231 7 23 52 36 26
12 14 99 23 1 71 2 14 99 231 71 2 14 99 2 31 71 2 14 99 231 71 2 14 99 231 7 12 14 99 231 71 2 14 99 231 7 23 52 36 26
12 14 99 23 1 71 2 14 99 231 71 2 14 99 2 31 71 2 14 99 231 71 2 14 99 231 7 12 14 99 231 71 2 14 99 231 7 23 52 36 26
12 14 99 23 1 71 2 14 99 231 71 2 14 99 2 31 71 2 14 99 231 71 2 14 99 231 7 12 14 99 231 71 2 14 99 231 7 23 52 36 26
12 14 99 23 1 71 2 14 99 231 71 2 14 99 2 31 71 2 14 99 231 71 2 14 99 231 7 12 14 99 231 71 2 14 99 231 7 23 52 36 26
12 14 99 23 1 71 2 14 99 231 71 2 14 99 2 31 71 2 14 99 231 71 2 14 99 231 7 12 14 99 231 71 2 14 99 231 7 23 52 36 26
12 14 99 23 1 71 2 14 99 231 71 2 14 99 2 31 71 2 14 99 231 71 2 14 99 231 7 12 14 99 231 71 2 14 99 231 7 23 52 36 26
12 14 99 23 1 71 2 14 99 231 71 2 14 99 2 31 71 2 14 99 231 71 2 14 99 231 7 12 14 99 231 71 2 14 99 231 7 23 52 36 26
12 14 99 23 1 71 2 14 99 231 71 2 14 99 2 31 71 2 14 99 231 71 2 14 99 231 7 12 14 99 231 71 2 14 99 231 7 23 52 36 26
12 14 99 23 1 71 2 14 99 231 71 2 14 99 2 31 71 2 14 99 231 71 2 14 99 231 7 12 14 99 231 71 2 14 99 231 7 23 52 36 26
12 14 99 23 1 71 2 14 99 231 71 2 14 99 2 31 71 2 112 14 99 23 1 71 2 14 99 231 71 2 14 99 2 31 71 2 14 99 231 71 2 14 99 231 7 12 14 99 231 71 2 14 99 231 7 23 52 36 26
12 14 99 23 1 71 2 14 99 231 71 2 14 99 2 31 71 2 14 99 231 71 2 14 99 231 7 12 14 99 231 71 2 14 99 231 7 23 52 36 26
12 14 99 23 1 71 2 14 99 231 71 2 14 99 2 31 71 2 14 99 231 71 2 14 99 231 7 12 14 99 231 71 2 14 99 231 7 23 52 36 26
12 14 99 23 1 71 2 14 99 231 71 2 14 99 2 31 71 2 14 99 231 71 2 14 99 231 7 12 14 99 231 71 2 14 99 231 7 23 52 36 26
12 14 99 23 1 71 2 14 99 231 71 2 14 99 2 31 71 2 14 99 231 71 2 14 99 231 7 12 14 99 231 71 2 14 99 231 7 23 52 36 26
12 14 99 23 1 71 2 14 99 231 71 2 14 99 2 31 71 2 14 99 231 71 2 14 99 231 7 12 14 99 231 71 2 14 99 231 7 23 52 36 26
12 14 99 23 1 71 2 14 99 231 71 2 14 99 2 31 71 2 14 99 231 71 2 14 99 231 7 12 14 99 231 71 2 14 99 231 7 23 52 36 26
31 71 2 14 99 2 31 71 2 14 99 231 71 2 14 99 231 7 12 14 99 231 71 2 14 99 231 7 23 52 36 26
12 14 99 23 1 71 2 14 99 231 71 2 14 99 2 31 71 2 14 99 231 71 2 14 99 231 7 12 14 99 231 71 2 14 99 231 7 23 52 36 26
12 14 99 23 1 71 2 14 99 231 71 2 14 99 2 31 71 2 14 99 231 71 2 14 99 231 7 12 14 99 231 71 2 14 99 231 7 23 52 36 26
12 14 99 23 1 71 2 14 99 231 71 2 14 99 2 31 71 2 14 99 231 71 2 14 99 231 7 12 14 99 231 71 2 14 99 231 7 23 52 36 26
12 14 99 23 1 71 2 14 99 231 71 2 14 99 2 31 71 2 14 99 23
31 71 2 14 99 2 31 71 2 14 99 231 71 2 14 99 231 7 12 14 99 231 71 2 14 99 231 7 23 52 36 26
12 14 99 23 1 71 2 14 99 231 71 2 14 99 2 31 71 2 14 99 231 71 2 14 99 231 7 12 14 99 231 71 2 14 99 231 7 23 52 36 26
12 14 99 23 1 71 2 14 99 231 71 2 14 99 2 31 71 2 14 99 231 71 2 14 99 231 7 12 14 99 231 71 2 14 99 231 7 23 52 36 26
12 14 99 23 1 71 2 14 99 231 71 2 14 99 2 31 71 2 14 99 231 71 2 14 99 231 7 12 14 99 231 71 2 14 99 231 7 23 52 36 26
12 14 99 23 1 71 2 14 99 231 71 2 14 99 2 31 71 2 14 99 2331 71 2 14 99 2 31 71 2 14 99 231 71 2 14 99 231 7 12 14 99 231 71 2 14 99 231 7 23 52 36 26
12 14 99 23 1 71 2 14 99 231 71 2 14 99 2 31 71 2 14 99 231 71 2 14 99 231 7 12 14 99 231 71 2 14 99 231 7 23 52 36 26
12 14 99 23 1 71 2 14 99 231 71 2 14 99 2 31 71 2 14 99 231 71 2 14 99 231 7 12 14 99 231 71 2 14 99 231 7 23 52 36 26
12 14 99 23 1 71 2 14 99 231 71 2 14 99 2 31 71 2 14 99 231 71 2 14 99 231 7 12 14 99 231 71 2 14 99 231 7 23 52 36 26
12 14 99 23 1 71 2 14 99 231 71 2 14 99 2 31 71 2 14 99 23
31 71 2 14 99 2 31 71 2 14 99 231 71 2 14 99 231 7 12 14 99 231 71 2 14 99 231 7 23 52 36 26
12 14 99 23 1 71 2 14 99 231 71 2 14 99 2 31 71 2 14 99 231 71 2 14 99 231 7 12 14 99 231 71 2 14 99 231 7 23 52 36 26
12 14 99 23 1 71 2 14 99 231 71 2 14 99 2 31 71 2 14 99 231 71 2 14 99 231 7 12 14 99 231 71 2 14 99 231 7 23 52 36 26
12 14 99 23 1 71 2 14 99 231 71 2 14 99 2 31 71 2 14 99 231 71 2 14 99 231 7 12 14 99 231 71 2 14 99 231 7 23 52 36 26
12 14 99 23 1 71 2 14 99 231 71 2 14 99 2 31 71 2 14 99 23Offsets: 12 14 99 231 7
gsdgh
56 34 67 37
hfndjgd
jdtjku 23 52 36 26
dshsghsgh 3 25 43 26 2
12 14 99 23 1 71 2 14 99 231 71 2 14 99 2 31 71 2 14 99 231 71 2 14 99 231 7 12 14 99 231 71 2 14 99 231 7 23 52 36 26
12 14 99 23 1 71 2 14 99 231 71 2 14 99 2 31 71 2 14 99 231 71 2 14 99 231 7 12 14 99 231 71 2 14 99 231 7 23 52 36 26
12 14 99 23 1 71 2 14 99 231 71 2 14 99 2 31 71 2 14 99 231 71 2 14 99 231 7 12 14 99 231 71 2 14 99 231 7 23 52 36 26
12 14 99 23 1 71 
4 99 231 71 2 14 99 231 7 12 14 99 231 71 2 14 99 231 7 23 52 36 26
12 14 99 23 1 71 2 14 99 231 71 2 14 99 2 31 71 2 14 99 231 71 2 14 99 231 7 12 14 99 231 71 2 14 99 231 7 23 52 36 26
12 14 99 23 1 71 2 14 99 231 71 2 14 99 2 31 71 2 14 99 231 71 2 14 99 231 7 12 14 99 231 71 2 14 99 231 7 23 52 36 26

2 14 99 231 71 2 14 99 2 31 71 2 14 99 231 71 2 14 99 231 7 12 14 99 231 71 2 14 99 231 7 23 52 36 26
12 14 99 23 1 71 2 14 99 231 71 2 14 99 2 31 71 2 14 99 231 71 2 14 99 231 7 12 14 99 231 71 2 14 99 231 7 23 52 36 26
12 14 99 23 1 71 2 14 99 231 71 2 14 99 2 31 71 2 14 99 231 71 2 14 99 231 7 12 14 99 231 71 2 14 99 231 7 23 52 36 26
12 14 99 23 1 71 2 14 99 231 71 2 14 99 2 31 71 2 14 99 231 71 2 14 99 231 7 12 14 99 231 71 2 14 99 231 7 23 52 36 26
12 14 99 23 1 71 2 14 99 231 71 2 14 99 2 31 71 2 14 99 231 71 2 14 99 231 7 12 14 99 231 71 2 14 99 231 7 23 52 36 26
12 14 99 23 1 71 2 14 99 231 71 2 14 99 2 31 71 2 14 99 231 71 2 14 99 231 7 12 14 99 231 71 2 14 99 231 7 23 52 36 26
12 14 99 23 1 71 2 14 99 231 71 2 14 99 2 31 71 2 14 99 231 71 2 14 99 231 7 12 14 99 231 71 2 14 99 231 7 23 52 36 26
12 14 99 23 1 71 2 14 99 231 71 2 14 99 2 31 71 2 14 99 231 71 2 14 99 231 7 12 14 99 231 71 2 14 99 231 7 23 52 36 26
12 14 99 23 1 71 2 14 99 231 71 2 14 99 2 31 71 2 14 99 231 71 2 14 99 231 7 12 14 99 231 71 2 14 99 231 7 23 52 36 26
12 14 99 23 1 71 2 14 99 231 71 2 14 99 2 31 71 2 14 99 231 71 2 14 99 231 7 12 14 99 231 71 2 14 99 231 7 23 52 36 26
12 14 99 23 1 71 2 14 99 231 71 2 14 99 2 31 71 2 14 99 231 71 2 14 99 231 7 12 14 99 231 71 2 14 99 231 7 23 52 36 26
12 14 99 23 1 71 2 14 99 231 71 2 14 99 2 31 71 2 1
2 14 99 231 71 2 14 99 2 31 71 2 14 99 231 71 2 14 99 231 7 12 14 99 231 71 2 14 99 231 7 23 52 36 26
12 14 99 23 1 71 2 14 99 231 71 2 14 99 2 31 71 2 14 99 231 71 2 14 99 231 7 12 14 99 231 71 2 14 99 231 7 23 52 36 26
12 14 99 23 1 71 2 14 99 231 71 2 14 99 2 31 71 2 14 99 231 71 2 14 99 231 7 12 14 99 231 71 2 14 99 231 7 23 52 36 26
12 14 99 23 1 71 2 14 99 231 71 2 14 99 2 31 71 2 14 99 231 71 2 14 99 231 7 12 14 99 231 71 2 14 99 231 7 23 52 36 26
12 14 99 23 1 71 2 14 99 231 71 2 14 99 2 31 71 2 14 99 231 71 2 14 99 231 7 12 14 99 231 71 2 14 99 231 7 23 52 36 26
12 14 99 23 1 71 2 14 99 231 71 2 14 99 2 31 71 2 14 99 231 71 2 14 99 231 7 12 14 99 231 71 2 14 99 231 7 23 52 36 26
12 14 99 23 1 71 2 14 99 231 71 2 14 99 2 31 71 2 14 99 231 71 2 14 99 231 7 12 14 99 231 71 2 14 99 231 7 23 52 36 26
12 14 99 23 1 71 2 14 99 231 71 2 14 99 2 31 71 2 14 99 231 71 2 14 99 231 7 12 14 99 231 71 2 14 99 231 7 23 52 36 26
12 14 99 23 1 71 2 14 99 231 71 2 14 99 2 31 71 2 14 99 231 71 2 14 99 231 7 12 14 99 231 71 2 14 99 231 7 23 52 36 26
12 14 99 23 1 71 2 14 99 231 71 2 14 99 2 31 71 2 14 99 231 71 2 14 99 231 7 12 14 99 231 71 2 14 99 231 7 23 52 36 26
12 14 99 23 1 71 2 14 99 231 71 2 14 99 2 31 71 2 14 99 231 71 2 14 99 231 7 12 14 99 231 71 2 14 99 231 7 23 52 36 26
12 14 99 23 1 71 2 14 99 231 71 2 14 99 2 31 71 2 112 14 99 23 1 71 2 14 99 231 71 2 14 99 2 31 71 2 14 99 231 71 2 14 99 231 7 12 14 99 231 71 2 14 99 231 7 23 52 36 26
12 14 99 23 1 71 2 14 99 231 71 2 14 99 2 31 71 2 14 99 231 71 2 14 99 231 7 12 14 99 231 71 2 14 99 231 7 23 52 36 26
12 14 99 23 1 71 2 14 99 231 71 2 14 99 2 31 71 2 14 99 231 71 2 14 99 231 7 12 14 99 231 71 2 14 99 231 7 23 52 36 26
12 14 99 23 1 71 2 14 99 231 71 2 14 99 2 31 71 2 14 99 231 71 2 14 99 231 7 12 14 99 231 71 2 14 99 231 7 23 52 36 26
12 14 99 23 1 71 2 14 99 231 71 2 14 99 2 31 71 2 14 99 231 71 2 14 99 231 7 12 14 99 231 71 2 14 99 231 7 23 52 36 26
12 14 99 23 1 71 2 14 99 231 71 2 14 99 2 31 71 2 14 99 231 71 2 14 99 231 7 12 14 99 231 71 2 14 99 231 7 23 52 36 26
12 14 99 23 1 71 2 14 99 231 71 2 14 99 2 31 71 2 14 99 231 71 2 14 99 231 7 12 14 99 231 71 2 14 99 231 7 23 52 36 26
31 71 2 14 99 2 31 71 2 14 99 231 71 2 14 99 231 7 12 14 99 231 71 2 14 99 231 7 23 52 36 26
12 14 99 23 1 71 2 14 99 231 71 2 14 99 2 31 71 2 14 99 231 71 2 14 99 231 7 12 14 99 231 71 2 14 99 231 7 23 52 36 26
12 14 99 23 1 71 2 14 99 231 71 2 14 99 2 31 71 2 14 99 231 71 2 14 99 231 7 12 14 99 231 71 2 14 99 231 7 23 52 36 26
12 14 99 23 1 71 2 14 99 231 71 2 14 99 2 31 71 2 14 99 231 71 2 14 99 231 7 12 14 99 231 71 2 14 99 231 7 23 52 36 26
12 14 99 23 1 71 2 14 99 231 71 2 14 99 2 31 71 2 14 99 23
31 71 2 14 99 2 31 71 2 14 99 231 71 2 14 99 231 7 12 14 99 231 71 2 14 99 231 7 23 52 36 26
12 14 99 23 1 71 2 14 99 231 71 2 14 99 2 31 71 2 14 99 231 71 2 14 99 231 7 12 14 99 231 71 2 14 99 231 7 23 52 36 26
12 14 99 23 1 71 2 14 99 231 71 2 14 99 2 31 71 2 14 99 231 71 2 14 99 231 7 12 14 99 231 71 2 14 99 231 7 23 52 36 26
12 14 99 23 1 71 2 14 99 231 71 2 14 99 2 31 71 2 14 99 231 71 2 14 99 231 7 12 14 99 231 71 2 14 99 231 7 23 52 36 26
12 14 99 23 1 71 2 14 99 231 71 2 14 99 2 31 71 2 14 99 2331 71 2 14 99 2 31 71 2 14 99 231 71 2 14 99 231 7 12 14 99 231 71 2 14 99 231 7 23 52 36 26
12 14 99 23 1 71 2 14 99 231 71 2 14 99 2 31 71 2 14 99 231 71 2 14 99 231 7 12 14 99 231 71 2 14 99 231 7 23 52 36 26
12 14 99 23 1 71 2 14 99 231 71 2 14 99 2 31 71 2 14 99 231 71 2 14 99 231 7 12 14 99 231 71 2 14 99 231 7 23 52 36 26
12 14 99 23 1 71 2 14 99 231 71 2 14 99 2 31 71 2 14 99 231 71 2 14 99 231 7 12 14 99 231 71 2 14 99 231 7 23 52 36 26
12 14 99 23 1 71 2 14 99 231 71 2 14 99 2 31 71 2 14 99 23
31 71 2 14 99 2 31 71 2 14 99 231 71 2 14 99 231 7 12 14 99 231 71 2 14 99 231 7 23 52 36 26
12 14 99 23 1 71 2 14 99 231 71 2 14 99 2 31 71 2 14 99 231 71 2 14 99 231 7 12 14 99 231 71 2 14 99 231 7 23 52 36 26
12 14 99 23 1 71 2 14 99 231 71 2 14 99 2 31 71 2 14 99 231 71 2 14 99 231 7 12 14 99 231 71 2 14 99 231 7 23 52 36 26
12 14 99 23 1 71 2 14 99 231 71 2 14 99 2 31 71 2 14 99 231 71 2 14 99 231 7 12 14 99 231 71 2 14 99 231 7 23 52 36 26
12 14 99 23 1 71 2 14 99 231 71 2 14 99 2 31 71 2 14 99 23Offsets: 12 14 99 231 7
gsdgh
56 34 67 37
hfndjgd
jdtjku 23 52 36 26
dshsghsgh 3 25 43 26 2
12 14 99 23 1 71 2 14 99 231 71 2 14 99 2 31 71 2 14 99 231 71 2 14 99 231 7 12 14 99 231 71 2 14 99 231 7 23 52 36 26
12 14 99 23 1 71 2 14 99 231 71 2 14 99 2 31 71 2 14 99 231 71 2 14 99 231 7 12 14 99 231 71 2 14 99 231 7 23 52 36 26
12 14 99 23 1 71 2 14 99 231 71 2 14 99 2 31 71 2 14 99 231 71 2 14 99 231 7 12 14 99 231 71 2 14 99 231 7 23 52 36 26
12 14 99 23 1 71 
4 99 231 71 2 14 99 231 7 12 14 99 231 71 2 14 99 231 7 23 52 36 26
12 14 99 23 1 71 2 14 99 231 71 2 14 99 2 31 71 2 14 99 231 71 2 14 99 231 7 12 14 99 231 71 2 14 99 231 7 23 52 36 26
12 14 99 23 1 71 2 14 99 231 71 2 14 99 2 31 71 2 14 99 231 71 2 14 99 231 7 12 14 99 231 71 2 14 99 231 7 23 52 36 26

2 14 99 231 71 2 14 99 2 31 71 2 14 99 231 71 2 14 99 231 7 12 14 99 231 71 2 14 99 231 7 23 52 36 26
12 14 99 23 1 71 2 14 99 231 71 2 14 99 2 31 71 2 14 99 231 71 2 14 99 231 7 12 14 99 231 71 2 14 99 231 7 23 52 36 26
12 14 99 23 1 71 2 14 99 231 71 2 14 99 2 31 71 2 14 99 231 71 2 14 99 231 7 12 14 99 231 71 2 14 99 231 7 23 52 36 26
12 14 99 23 1 71 2 14 99 231 71 2 14 99 2 31 71 2 14 99 231 71 2 14 99 231 7 12 14 99 231 71 2 14 99 231 7 23 52 36 26
12 14 99 23 1 71 2 14 99 231 71 2 14 99 2 31 71 2 14 99 231 71 2 14 99 231 7 12 14 99 231 71 2 14 99 231 7 23 52 36 26
12 14 99 23 1 71 2 14 99 231 71 2 14 99 2 31 71 2 14 99 231 71 2 14 99 231 7 12 14 99 231 71 2 14 99 231 7 23 52 36 26
12 14 99 23 1 71 2 14 99 231 71 2 14 99 2 31 71 2 14 99 231 71 2 14 99 231 7 12 14 99 231 71 2 14 99 231 7 23 52 36 26
12 14 99 23 1 71 2 14 99 231 71 2 14 99 2 31 71 2 14 99 231 71 2 14 99 231 7 12 14 99 231 71 2 14 99 231 7 23 52 36 26
12 14 99 23 1 71 2 14 99 231 71 2 14 99 2 31 71 2 14 99 231 71 2 14 99 231 7 12 14 99 231 71 2 14 99 231 7 23 52 36 26
12 14 99 23 1 71 2 14 99 231 71 2 14 99 2 31 71 2 14 99 231 71 2 14 99 231 7 12 14 99 231 71 2 14 99 231 7 23 52 36 26
12 14 99 23 1 71 2 14 99 231 71 2 14 99 2 31 71 2 14 99 231 71 2 14 99 231 7 12 14 99 231 71 2 14 99 231 7 23 52 36 26
12 14 99 23 1 71 2 14 99 231 71 2 14 99 2 31 71 2 1
2 14 99 231 71 2 14 99 2 31 71 2 14 99 231 71 2 14 99 231 7 12 14 99 231 71 2 14 99 231 7 23 52 36 26
12 14 99 23 1 71 2 14 99 231 71 2 14 99 2 31 71 2 14 99 231 71 2 14 99 231 7 12 14 99 231 71 2 14 99 231 7 23 52 36 26
12 14 99 23 1 71 2 14 99 231 71 2 14 99 2 31 71 2 14 99 231 71 2 14 99 231 7 12 14 99 231 71 2 14 99 231 7 23 52 36 26
12 14 99 23 1 71 2 14 99 231 71 2 14 99 2 31 71 2 14 99 231 71 2 14 99 231 7 12 14 99 231 71 2 14 99 231 7 23 52 36 26
12 14 99 23 1 71 2 14 99 231 71 2 14 99 2 31 71 2 14 99 231 71 2 14 99 231 7 12 14 99 231 71 2 14 99 231 7 23 52 36 26
12 14 99 23 1 71 2 14 99 231 71 2 14 99 2 31 71 2 14 99 231 71 2 14 99 231 7 12 14 99 231 71 2 14 99 231 7 23 52 36 26
12 14 99 23 1 71 2 14 99 231 71 2 14 99 2 31 71 2 14 99 231 71 2 14 99 231 7 12 14 99 231 71 2 14 99 231 7 23 52 36 26
12 14 99 23 1 71 2 14 99 231 71 2 14 99 2 31 71 2 14 99 231 71 2 14 99 231 7 12 14 99 231 71 2 14 99 231 7 23 52 36 26
12 14 99 23 1 71 2 14 99 231 71 2 14 99 2 31 71 2 14 99 231 71 2 14 99 231 7 12 14 99 231 71 2 14 99 231 7 23 52 36 26
12 14 99 23 1 71 2 14 99 231 71 2 14 99 2 31 71 2 14 99 231 71 2 14 99 231 7 12 14 99 231 71 2 14 99 231 7 23 52 36 26
12 14 99 23 1 71 2 14 99 231 71 2 14 99 2 31 71 2 14 99 231 71 2 14 99 231 7 12 14 99 231 71 2 14 99 231 7 23 52 36 26
12 14 99 23 1 71 2 14 99 231 71 2 14 99 2 31 71 2 112 14 99 23 1 71 2 14 99 231 71 2 14 99 2 31 71 2 14 99 231 71 2 14 99 231 7 12 14 99 231 71 2 14 99 231 7 23 52 36 26
12 14 99 23 1 71 2 14 99 231 71 2 14 99 2 31 71 2 14 99 231 71 2 14 99 231 7 12 14 99 231 71 2 14 99 231 7 23 52 36 26
12 14 99 23 1 71 2 14 99 231 71 2 14 99 2 31 71 2 14 99 231 71 2 14 99 231 7 12 14 99 231 71 2 14 99 231 7 23 52 36 26
12 14 99 23 1 71 2 14 99 231 71 2 14 99 2 31 71 2 14 99 231 71 2 14 99 231 7 12 14 99 231 71 2 14 99 231 7 23 52 36 26
12 14 99 23 1 71 2 14 99 231 71 2 14 99 2 31 71 2 14 99 231 71 2 14 99 231 7 12 14 99 231 71 2 14 99 231 7 23 52 36 26
12 14 99 23 1 71 2 14 99 231 71 2 14 99 2 31 71 2 14 99 231 71 2 14 99 231 7 12 14 99 231 71 2 14 99 231 7 23 52 36 26
12 14 99 23 1 71 2 14 99 231 71 2 14 99 2 31 71 2 14 99 231 71 2 14 99 231 7 12 14 99 231 71 2 14 99 231 7 23 52 36 26
31 71 2 14 99 2 31 71 2 14 99 231 71 2 14 99 231 7 12 14 99 231 71 2 14 99 231 7 23 52 36 26
12 14 99 23 1 71 2 14 99 231 71 2 14 99 2 31 71 2 14 99 231 71 2 14 99 231 7 12 14 99 231 71 2 14 99 231 7 23 52 36 26
12 14 99 23 1 71 2 14 99 231 71 2 14 99 2 31 71 2 14 99 231 71 2 14 99 231 7 12 14 99 231 71 2 14 99 231 7 23 52 36 26
12 14 99 23 1 71 2 14 99 231 71 2 14 99 2 31 71 2 14 99 231 71 2 14 99 231 7 12 14 99 231 71 2 14 99 231 7 23 52 36 26
12 14 99 23 1 71 2 14 99 231 71 2 14 99 2 31 71 2 14 99 23
31 71 2 14 99 2 31 71 2 14 99 231 71 2 14 99 231 7 12 14 99 231 71 2 14 99 231 7 23 52 36 26
12 14 99 23 1 71 2 14 99 231 71 2 14 99 2 31 71 2 14 99 231 71 2 14 99 231 7 12 14 99 231 71 2 14 99 231 7 23 52 36 26
12 14 99 23 1 71 2 14 99 231 71 2 14 99 2 31 71 2 14 99 231 71 2 14 99 231 7 12 14 99 231 71 2 14 99 231 7 23 52 36 26
12 14 99 23 1 71 2 14 99 231 71 2 14 99 2 31 71 2 14 99 231 71 2 14 99 231 7 12 14 99 231 71 2 14 99 231 7 23 52 36 26
12 14 99 23 1 71 2 14 99 231 71 2 14 99 2 31 71 2 14 99 2331 71 2 14 99 2 31 71 2 14 99 231 71 2 14 99 231 7 12 14 99 231 71 2 14 99 231 7 23 52 36 26
12 14 99 23 1 71 2 14 99 231 71 2 14 99 2 31 71 2 14 99 231 71 2 14 99 231 7 12 14 99 231 71 2 14 99 231 7 23 52 36 26
12 14 99 23 1 71 2 14 99 231 71 2 14 99 2 31 71 2 14 99 231 71 2 14 99 231 7 12 14 99 231 71 2 14 99 231 7 23 52 36 26
12 14 99 23 1 71 2 14 99 231 71 2 14 99 2 31 71 2 14 99 231 71 2 14 99 231 7 12 14 99 231 71 2 14 99 231 7 23 52 36 26
12 14 99 23 1 71 2 14 99 231 71 2 14 99 2 31 71 2 14 99 23
31 71 2 14 99 2 31 71 2 14 99 231 71 2 14 99 231 7 12 14 99 231 71 2 14 99 231 7 23 52 36 26
12 14 99 23 1 71 2 14 99 231 71 2 14 99 2 31 71 2 14 99 231 71 2 14 99 231 7 12 14 99 231 71 2 14 99 231 7 23 52 36 26
12 14 99 23 1 71 2 14 99 231 71 2 14 99 2 31 71 2 14 99 231 71 2 14 99 231 7 12 14 99 231 71 2 14 99 231 7 23 52 36 26
12 14 99 23 1 71 2 14 99 231 71 2 14 99 2 31 71 2 14 99 231 71 2 14 99 231 7 12 14 99 231 71 2 14 99 231 7 23 52 36 26
12 14 99 23 1 71 2 14 99 231 71 2 14 99 2 31 71 2 14 99 23
